"time","close","high","low","open","volumefrom","volumeto","conversionType","conversionSymbol","ts","timeDate"
1702361160000,0.05353,0.05355,0.05353,0.05355,119.25,6.385,"direct","",1702361160,"2023-12-12"
1702361220000,0.05354,0.05355,0.05353,0.05353,63.94,3.423,"direct","",1702361220,"2023-12-12"
1702361280000,0.05355,0.05356,0.05354,0.05354,29.9,1.601,"direct","",1702361280,"2023-12-12"
1702361340000,0.05356,0.05356,0.05355,0.05355,26.04,1.395,"direct","",1702361340,"2023-12-12"
1702361400000,0.05358,0.05358,0.05355,0.05356,49.81,2.669,"direct","",1702361400,"2023-12-12"
1702361460000,0.05356,0.05358,0.05356,0.05358,29.09,1.558,"direct","",1702361460,"2023-12-12"
1702361520000,0.05356,0.05356,0.05356,0.05356,19.58,1.049,"direct","",1702361520,"2023-12-12"
1702361580000,0.05355,0.05356,0.05355,0.05356,15.76,0.8441,"direct","",1702361580,"2023-12-12"
1702361640000,0.05355,0.05355,0.05354,0.05355,6.741,0.3609,"direct","",1702361640,"2023-12-12"
1702361700000,0.05353,0.05355,0.05353,0.05355,17.16,0.9188,"direct","",1702361700,"2023-12-12"
1702361760000,0.05353,0.05353,0.05353,0.05353,7.663,0.4102,"direct","",1702361760,"2023-12-12"
1702361820000,0.05352,0.05353,0.05352,0.05353,22.04,1.179,"direct","",1702361820,"2023-12-12"
1702361880000,0.05351,0.05354,0.05351,0.05352,44.83,2.399,"direct","",1702361880,"2023-12-12"
1702361940000,0.05352,0.05353,0.05351,0.05351,23.67,1.267,"direct","",1702361940,"2023-12-12"
1702362000000,0.05347,0.05352,0.05347,0.05352,193.34,10.34,"direct","",1702362000,"2023-12-12"
1702362060000,0.0535,0.05351,0.05347,0.05347,58.82,3.146,"direct","",1702362060,"2023-12-12"
1702362120000,0.0535,0.0535,0.05348,0.0535,82.37,4.406,"direct","",1702362120,"2023-12-12"
1702362180000,0.0535,0.05351,0.05348,0.0535,122.97,6.58,"direct","",1702362180,"2023-12-12"
1702362240000,0.0535,0.05351,0.0535,0.0535,41.27,2.208,"direct","",1702362240,"2023-12-12"
1702362300000,0.0535,0.0535,0.0535,0.0535,17.59,0.9409,"direct","",1702362300,"2023-12-12"
1702362360000,0.05347,0.0535,0.05347,0.0535,31.58,1.689,"direct","",1702362360,"2023-12-12"
1702362420000,0.05344,0.05347,0.05344,0.05347,79.19,4.233,"direct","",1702362420,"2023-12-12"
1702362480000,0.05345,0.05345,0.05343,0.05344,52.89,2.827,"direct","",1702362480,"2023-12-12"
1702362540000,0.05344,0.05345,0.05344,0.05345,37.42,2,"direct","",1702362540,"2023-12-12"
1702362600000,0.05345,0.05345,0.05344,0.05344,29.15,1.558,"direct","",1702362600,"2023-12-12"
1702362660000,0.05347,0.05348,0.05345,0.05345,42.5,2.273,"direct","",1702362660,"2023-12-12"
1702362720000,0.05346,0.05348,0.05346,0.05347,33.77,1.806,"direct","",1702362720,"2023-12-12"
1702362780000,0.05345,0.05346,0.05344,0.05346,46.07,2.462,"direct","",1702362780,"2023-12-12"
1702362840000,0.05343,0.05345,0.05343,0.05345,29.04,1.552,"direct","",1702362840,"2023-12-12"
1702362900000,0.05343,0.05344,0.05343,0.05343,17.82,0.9519,"direct","",1702362900,"2023-12-12"
1702362960000,0.05344,0.05344,0.05342,0.05343,66.14,3.533,"direct","",1702362960,"2023-12-12"
1702363020000,0.05346,0.05346,0.05344,0.05344,45.86,2.451,,,1702363020,"2023-12-12"
1702363080000,0.05347,0.05347,0.05346,0.05346,18.04,0.9644,,,1702363080,"2023-12-12"
1702363140000,0.05347,0.05347,0.05346,0.05347,12.64,0.6758,,,1702363140,"2023-12-12"
1702363200000,0.05348,0.05348,0.05347,0.05347,21.87,1.169,,,1702363200,"2023-12-12"
1702363260000,0.05346,0.05348,0.05346,0.05348,24.1,1.289,,,1702363260,"2023-12-12"
1702363320000,0.05346,0.05347,0.05346,0.05346,24.15,1.291,,,1702363320,"2023-12-12"
1702363380000,0.05345,0.05346,0.05345,0.05346,27.67,1.479,,,1702363380,"2023-12-12"
1702363440000,0.05345,0.05345,0.05345,0.05345,3.344,0.1787,,,1702363440,"2023-12-12"
1702363500000,0.05345,0.05346,0.05345,0.05345,52.49,2.806,,,1702363500,"2023-12-12"
1702363560000,0.05342,0.05345,0.05342,0.05345,45.38,2.425,,,1702363560,"2023-12-12"
1702363620000,0.05339,0.05343,0.05339,0.05342,137.8,7.358,,,1702363620,"2023-12-12"
1702363680000,0.05339,0.05339,0.05337,0.05339,76.06,4.06,,,1702363680,"2023-12-12"
1702363740000,0.0534,0.05341,0.05339,0.05339,21.46,1.146,,,1702363740,"2023-12-12"
1702363800000,0.05339,0.0534,0.05339,0.0534,45.25,2.416,,,1702363800,"2023-12-12"
1702363860000,0.05339,0.0534,0.05339,0.05339,32.92,1.758,,,1702363860,"2023-12-12"
1702363920000,0.05338,0.05339,0.05338,0.05339,33.22,1.773,,,1702363920,"2023-12-12"
1702363980000,0.05338,0.05339,0.05337,0.05338,35.19,1.878,,,1702363980,"2023-12-12"
1702364040000,0.05337,0.05338,0.05337,0.05338,26.5,1.414,,,1702364040,"2023-12-12"
1702364100000,0.05336,0.05337,0.05336,0.05337,35.08,1.872,,,1702364100,"2023-12-12"
1702364160000,0.05334,0.05336,0.05334,0.05336,40.04,2.136,,,1702364160,"2023-12-12"
1702364220000,0.05336,0.05336,0.05334,0.05334,19.34,1.032,,,1702364220,"2023-12-12"
1702364280000,0.05336,0.05336,0.05336,0.05336,9.917,0.5292,,,1702364280,"2023-12-12"
1702364340000,0.05335,0.05336,0.05335,0.05336,50.62,2.701,,,1702364340,"2023-12-12"
1702364400000,0.05334,0.05336,0.05334,0.05335,79.56,4.244,,,1702364400,"2023-12-12"
1702364460000,0.05331,0.05334,0.05329,0.05334,189.31,10.09,,,1702364460,"2023-12-12"
1702364520000,0.05331,0.05333,0.05331,0.05331,41.28,2.201,,,1702364520,"2023-12-12"
1702364580000,0.0533,0.05332,0.05329,0.05331,89.47,4.769,,,1702364580,"2023-12-12"
1702364640000,0.05329,0.05331,0.05329,0.0533,67.31,3.588,,,1702364640,"2023-12-12"
1702364700000,0.05329,0.0533,0.05328,0.05329,27.47,1.464,,,1702364700,"2023-12-12"
1702364760000,0.05329,0.05329,0.05329,0.05329,0,0,,,1702364760,"2023-12-12"
